19 0.9182692307692307 0.5973557692307693 0.06971153846153846 0.11538461538461539
19 0.07692307692307693 0.5540865384615384 0.04326923076923077 0.07451923076923077
22 0.6706730769230769 0.46033653846153844 0.0673076923076923 0.09735576923076923
22 0.5673076923076923 0.36658653846153844 0.052884615384615384 0.0733173076923077
22 0.47716346153846156 0.46274038461538464 0.055288461538461536 0.07692307692307693
22 0.23317307692307693 0.42788461538461536 0.07091346153846154 0.08413461538461539
22 0.22355769230769232 0.35336538461538464 0.051682692307692304 0.07211538461538461
22 0.22235576923076922 0.28125 0.039663461538461536 0.05889423076923077
22 0.13341346153846154 0.4326923076923077 0.06490384615384616 0.08052884615384616
22 0.04567307692307692 0.47836538461538464 0.07692307692307693 0.11177884615384616
22 0.109375 0.8846153846153846 0.140625 0.17427884615384615
22 0.2548076923076923 0.765625 0.125 0.14182692307692307
22 0.35216346153846156 0.6418269230769231 0.09134615384615384 0.15865384615384615
22 0.12740384615384615 0.36538461538461536 0.05048076923076923 0.07211538461538461